0 0.4453125 0.24140625 0.10234375 0.128125
0 0.55546875 0.2375 0.10390625 0.1328125
0 0.33203125 0.3890625 0.115625 0.14921875
0 0.446875 0.3921875 0.09921875 0.14765625
0 0.55390625 0.38359375 0.10078125 0.1390625
0 0.66484375 0.3890625 0.10859375 0.14921875
0 0.33046875 0.68671875 0.121875 0.14765625
0 0.44765625 0.6828125 0.10078125 0.14765625
0 0.5609375 0.68515625 0.10546875 0.14765625
0 0.6765625 0.6796875 0.1125 0.1328125
0 0.33203125 0.8578125 0.10859375 0.16484375
0 0.45234375 0.8484375 0.10390625 0.1625
0 0.56640625 0.8515625 0.1171875 0.18125
0 0.68125 0.83984375 0.10546875 0.15390625