0 0.471875 0.19140625 0.10703125 0.1515625
0 0.46953125 0.346875 0.11875 0.14296875
0 0.34921875 0.49921875 0.115625 0.1390625
0 0.46796875 0.50078125 0.10234375 0.1390625
0 0.58125 0.503125 0.10078125 0.14765625
0 0.6921875 0.49765625 0.10546875 0.1328125
0 0.35234375 0.64921875 0.10234375 0.1328125
0 0.35390625 0.79609375 0.10234375 0.13046875
0 0.465625 0.64921875 0.10078125 0.128125
0 0.4671875 0.79609375 0.10703125 0.13046875
0 0.57890625 0.653125 0.10859375 0.134375
0 0.57890625 0.8015625 0.10859375 0.14140625
0 0.69296875 0.653125 0.10703125 0.1390625
0 0.6921875 0.8046875 0.10234375 0.14296875