0 0.175 0.10546875 0.15 0.178125
0 0.3375 0.1046875 0.14453125 0.1796875
0 0.50390625 0.09296875 0.14453125 0.18203125
0 0.6703125 0.09765625 0.15625 0.190625
0 0.8390625 0.09609375 0.1625 0.1796875
0 0.178125 0.2921875 0.15625 0.15703125
0 0.34375 0.2859375 0.1484375 0.153125
0 0.50625 0.2828125 0.14453125 0.16328125
0 0.665625 0.284375 0.16015625 0.17578125
0 0.8375 0.28125 0.1640625 0.1734375
0 0.1875 0.4640625 0.1484375 0.15703125
0 0.34375 0.45625 0.140625 0.1671875
0 0.509375 0.459375 0.15625 0.16953125
0 0.66875 0.4609375 0.1578125 0.1671875
0 0.8421875 0.4609375 0.18359375 0.1671875
0 0.1859375 0.640625 0.15234375 0.17578125