0 0.42734375 0.3375 0.1203125 0.14140625
0 0.66015625 0.18046875 0.1125 0.16015625
0 0.7765625 0.178125 0.10703125 0.15625
0 0.54765625 0.33515625 0.10703125 0.14140625
0 0.66015625 0.33515625 0.10234375 0.128125
0 0.77734375 0.346875 0.10234375 0.14765625
0 0.54375 0.4890625 0.1109375 0.128125
0 0.6671875 0.4921875 0.1109375 0.13046875
0 0.42890625 0.6421875 0.1109375 0.15625
0 0.55078125 0.64140625 0.1109375 0.14921875
0 0.66875 0.64140625 0.1109375 0.14921875
0 0.428125 0.81640625 0.1125 0.17109375
0 0.5546875 0.81875 0.11875 0.175
0 0.6765625 0.81640625 0.115625 0.16640625