0 0.46796875 0.18359375 0.11875 0.14140625
0 0.46796875 0.33984375 0.121875 0.1453125
0 0.353125 0.47578125 0.1109375 0.15625
0 0.46640625 0.48515625 0.10234375 0.13671875
0 0.5796875 0.48828125 0.10703125 0.134375
0 0.69375 0.49140625 0.10546875 0.1453125
0 0.35546875 0.6359375 0.10859375 0.134375
0 0.46875 0.6375 0.10078125 0.13046875
0 0.58046875 0.6421875 0.10234375 0.1390625
0 0.68984375 0.6421875 0.1109375 0.13046875
0 0.35625 0.7859375 0.10390625 0.1328125
0 0.46953125 0.7859375 0.10546875 0.14140625
0 0.5828125 0.78828125 0.10703125 0.13671875
0 0.69453125 0.79296875 0.10078125 0.14140625