0 0.46015625 0.21875 0.09609375 0.12578125
0 0.46484375 0.34375 0.09609375 0.1109375
0 0.37734375 0.4625 0.08515625 0.10859375
0 0.46796875 0.4625 0.0734375 0.1046875
0 0.55390625 0.46484375 0.071875 0.10078125
0 0.63671875 0.4640625 0.08203125 0.1109375
0 0.371875 0.58203125 0.08359375 0.1046875
0 0.46015625 0.58125 0.08046875 0.10234375
0 0.54921875 0.58203125 0.08515625 0.11328125
0 0.6421875 0.58125 0.08828125 0.10234375
0 0.375 0.70078125 0.08359375 0.11953125
0 0.4640625 0.703125 0.08203125 0.115625
0 0.5515625 0.70390625 0.0765625 0.1046875
0 0.6390625 0.70625 0.0765625 0.11328125