0 0.1234375 0.0890625 0.19140625 0.15625
0 0.3234375 0.0890625 0.19921875 0.15625
0 0.52265625 0.09609375 0.17421875 0.1578125
0 0.71015625 0.09609375 0.18125 0.16640625
0 0.9015625 0.09609375 0.18671875 0.16640625
0 0.134375 0.2609375 0.19375 0.1625
0 0.33203125 0.2671875 0.1765625 0.16640625
0 0.51875 0.2625 0.1765625 0.1625
0 0.70859375 0.26953125 0.17890625 0.16640625
0 0.9015625 0.2640625 0.1765625 0.14296875
0 0.14453125 0.43125 0.1890625 0.1625
0 0.334375 0.43125 0.171875 0.1453125
0 0.51875 0.4296875 0.18125 0.1578125
0 0.71015625 0.428125 0.18671875 0.15625
0 0.90078125 0.425 0.17421875 0.15390625
0 0.14453125 0.5890625 0.184375 0.14765625
0 0.33359375 0.5890625 0.17890625 0.1390625
0 0.5234375 0.58984375 0.1765625 0.1578125
0 0.71015625 0.58984375 0.171875 0.1453125
0 0.90390625 0.5921875 0.18125 0.1578125
0 0.15390625 0.7421875 0.17890625 0.14296875
0 0.33984375 0.74375 0.171875 0.1578125
0 0.52109375 0.74921875 0.1765625 0.15625
0 0.71015625 0.75 0.1765625 0.14921875
0 0.89921875 0.74609375 0.171875 0.13671875
0 0.14921875 0.903125 0.19375 0.1390625
0 0.346875 0.903125 0.16640625 0.14765625
0 0.5234375 0.91484375 0.1765625 0.1578125
0 0.7140625 0.915625 0.16953125 0.16875
0 0.89765625 0.91328125 0.17890625 0.15625