0 0.12578125 0.178125 0.1703125 0.14296875
0 0.29375 0.184375 0.15 0.1515625
0 0.609375 0.2046875 0.1328125 0.15546875
0 0.75625 0.21171875 0.12890625 0.153125
0 0.89453125 0.21953125 0.12890625 0.14140625
0 0.128125 0.35078125 0.1578125 0.178125
0 0.29296875 0.3515625 0.15234375 0.159375
0 0.45703125 0.3671875 0.140625 0.16171875
0 0.609375 0.36640625 0.125 0.14296875
0 0.8953125 0.36796875 0.11875 0.14296875
0 0.1296875 0.5296875 0.1578125 0.15546875
0 0.296875 0.51640625 0.140625 0.1453125
0 0.60859375 0.51953125 0.1265625 0.1390625
0 0.7515625 0.52109375 0.140625 0.13515625
0 0.89453125 0.51875 0.12890625 0.12890625
0 0.12890625 0.68515625 0.1484375 0.13515625
0 0.29296875 0.68515625 0.1484375 0.13125
0 0.453125 0.67578125 0.1328125 0.1328125
0 0.60625 0.675 0.13125 0.12265625
0 0.74921875 0.6734375 0.1265625 0.14140625
0 0.89140625 0.66015625 0.13125 0.14296875
0 0.12421875 0.8546875 0.1578125 0.14296875
0 0.290625 0.840625 0.14453125 0.1390625
0 0.44921875 0.83671875 0.13671875 0.14296875
0 0.59765625 0.82734375 0.12109375 0.1453125
0 0.89140625 0.821875 0.15 0.1390625