0 0.15 0.14140625 0.1640625 0.146875
0 0.3125 0.15859375 0.125 0.146875
0 0.4421875 0.15078125 0.1109375 0.153125
0 0.5859375 0.14453125 0.1328125 0.13984375
0 0.7265625 0.1390625 0.12890625 0.15546875
0 0.865625 0.1265625 0.13671875 0.153125
0 0.153125 0.30703125 0.1578125 0.12890625
0 0.3 0.3109375 0.1265625 0.1265625
0 0.4390625 0.3015625 0.13671875 0.1484375
0 0.5890625 0.29609375 0.1265625 0.1375
0 0.73359375 0.29765625 0.1265625 0.153125
0 0.88671875 0.2875 0.15234375 0.12890625
0 0.13984375 0.45390625 0.15 0.1421875
0 0.29765625 0.46015625 0.146875 0.1375
0 0.44375 0.4640625 0.12890625 0.1359375
0 0.59453125 0.453125 0.1421875 0.14453125
0 0.74140625 0.459375 0.1265625 0.1578125
0 0.88984375 0.44375 0.146875 0.14453125
0 0.1359375 0.6375 0.146875 0.15078125
0 0.2890625 0.6328125 0.14453125 0.15078125
0 0.44453125 0.63203125 0.146875 0.14453125
0 0.59765625 0.6234375 0.140625 0.1359375
0 0.74921875 0.6265625 0.146875 0.15078125
0 0.90625 0.61796875 0.16015625 0.159375
0 0.13671875 0.81171875 0.1640625 0.16171875
0 0.2953125 0.8078125 0.140625 0.1640625
0 0.44609375 0.8046875 0.146875 0.1578125
0 0.60625 0.79375 0.15 0.175
0 0.76484375 0.8046875 0.1390625 0.153125
0 0.9203125 0.7984375 0.1484375 0.16640625