0 0.14296875 0.10546875 0.13828125 0.11328125
0 0.29765625 0.0953125 0.12578125 0.10546875
0 0.46953125 0.08515625 0.115625 0.11875
0 0.6296875 0.078125 0.1109375 0.11328125
0 0.1546875 0.259375 0.12734375 0.109375
0 0.47109375 0.23046875 0.1484375 0.12109375
0 0.63828125 0.2328125 0.12734375 0.1171875
0 0.17890625 0.4046875 0.13203125 0.12109375
0 0.33125 0.39453125 0.13984375 0.12890625
0 0.4921875 0.38359375 0.14375 0.1390625
0 0.6484375 0.375 0.13984375 0.13671875
0 0.81484375 0.365625 0.13984375 0.1328125
0 0.346875 0.5484375 0.1625 0.12890625
0 0.6765625 0.52265625 0.1421875 0.1265625
0 0.8421875 0.5125 0.15625 0.134375
0 0.18203125 0.71484375 0.1828125 0.12890625
0 0.36328125 0.70234375 0.15 0.134375
0 0.52265625 0.6890625 0.12734375 0.1328125
0 0.68125 0.68359375 0.15625 0.13671875
0 0.853125 0.6671875 0.175 0.13125
0 0.19140625 0.8765625 0.18515625 0.15234375
0 0.375 0.8703125 0.15625 0.1625
0 0.54453125 0.853125 0.1546875 0.14453125
0 0.7078125 0.85078125 0.15625 0.15
0 0.8765625 0.82734375 0.17265625 0.165625
0 0.78125 0.075 0.1546875 0.15