0 0.196875 0.0875 0.16328125 0.1484375
0 0.36015625 0.08671875 0.14296875 0.146875
0 0.521875 0.090625 0.13515625 0.146875
0 0.66796875 0.096875 0.13359375 0.15
0 0.81328125 0.09453125 0.13359375 0.1578125
0 0.196875 0.24609375 0.16328125 0.13671875
0 0.3640625 0.240625 0.1515625 0.15234375
0 0.5203125 0.24140625 0.14140625 0.1390625
0 0.67265625 0.2484375 0.14296875 0.140625
0 0.8171875 0.24140625 0.13359375 0.1421875
0 0.20234375 0.4046875 0.153125 0.1484375
0 0.3640625 0.4 0.14296875 0.1484375
0 0.5203125 0.40234375 0.14140625 0.14453125
0 0.6765625 0.3890625 0.1390625 0.14453125
0 0.828125 0.39453125 0.14296875 0.140625
0 0.2 0.5609375 0.16484375 0.15625
0 0.36328125 0.55546875 0.153125 0.1546875
0 0.52578125 0.56328125 0.14765625 0.1546875
0 0.6859375 0.5453125 0.14921875 0.14453125
0 0.84375 0.5453125 0.1515625 0.15234375
0 0.19296875 0.72734375 0.17109375 0.15
0 0.37109375 0.71875 0.15703125 0.15625
0 0.53046875 0.715625 0.1453125 0.1421875
0 0.6890625 0.70625 0.1515625 0.1390625
0 0.84921875 0.70625 0.153125 0.146875
0 0.19140625 0.8984375 0.16328125 0.15625
0 0.36953125 0.89140625 0.1609375 0.1734375
0 0.540625 0.88671875 0.153125 0.16015625
0 0.70546875 0.8828125 0.15703125 0.171875
0 0.87265625 0.86640625 0.16484375 0.1578125