0 0.20078125 0.090625 0.13515625 0.134375
0 0.35625 0.0921875 0.13515625 0.1328125
0 0.53359375 0.0890625 0.13515625 0.1234375
0 0.675 0.10078125 0.115625 0.1234375
0 0.81484375 0.09453125 0.13359375 0.15
0 0.196875 0.2421875 0.16328125 0.140625
0 0.36328125 0.2453125 0.13359375 0.1421875
0 0.5171875 0.2453125 0.13515625 0.15
0 0.671875 0.2421875 0.1375 0.12890625
0 0.81796875 0.246875 0.13515625 0.1421875
0 0.20078125 0.39921875 0.15546875 0.1390625
0 0.3671875 0.3984375 0.14140625 0.16015625
0 0.5265625 0.4015625 0.1453125 0.15
0 0.6796875 0.39140625 0.1453125 0.15
0 0.8328125 0.3953125 0.153125 0.1390625
0 0.1953125 0.56171875 0.17890625 0.1421875
0 0.3703125 0.5609375 0.15546875 0.13671875
0 0.5328125 0.5640625 0.14921875 0.140625
0 0.69140625 0.546875 0.1375 0.13671875
0 0.84765625 0.540625 0.1515625 0.14453125
0 0.1859375 0.728125 0.18125 0.13671875
0 0.36796875 0.7234375 0.1515625 0.1578125
0 0.53671875 0.7125 0.14921875 0.140625
0 0.6984375 0.7171875 0.14765625 0.140625
0 0.8515625 0.7078125 0.14296875 0.1703125
0 0.18828125 0.90546875 0.18125 0.1625
0 0.375 0.890625 0.16484375 0.1796875
0 0.540625 0.88203125 0.14921875 0.1703125
0 0.70859375 0.88125 0.1515625 0.1484375
0 0.8796875 0.87578125 0.16328125 0.146875