0 0.14453125 0.18359375 0.13671875 0.15625
0 0.27734375 0.16640625 0.11328125 0.15234375
0 0.41328125 0.1671875 0.103125 0.1234375
0 0.425 0.31171875 0.146875 0.1390625
0 0.4328125 0.47890625 0.11875 0.12109375
0 0.296875 0.4578125 0.1328125 0.16328125
0 0.15546875 0.4859375 0.1421875 0.15234375
0 0.1546875 0.63671875 0.1328125 0.15
0 0.14765625 0.80390625 0.134375 0.1234375
0 0.28984375 0.803125 0.1265625 0.1390625
0 0.4375 0.7765625 0.12890625 0.16953125
0 0.72578125 0.77421875 0.13125 0.15234375
0 0.7265625 0.62578125 0.15234375 0.15390625
0 0.70234375 0.4484375 0.103125 0.14765625
0 0.71015625 0.31484375 0.13125 0.1234375
0 0.6828125 0.15859375 0.11875 0.1453125