0 0.209375 0.08828125 0.14453125 0.1484375
0 0.35625 0.09296875 0.1265625 0.15078125
0 0.20234375 0.2328125 0.1578125 0.1328125
0 0.35859375 0.23125 0.14375 0.12734375
0 0.50625 0.23671875 0.13984375 0.15625
0 0.19375 0.38359375 0.17265625 0.14765625
0 0.35390625 0.38515625 0.14296875 0.14375
0 0.5015625 0.3890625 0.1453125 0.14140625
0 0.65390625 0.38671875 0.140625 0.13125
0 0.80625 0.38359375 0.16171875 0.1484375
0 0.4984375 0.08984375 0.1296875 0.13671875
0 0.64765625 0.08671875 0.140625 0.14921875
0 0.79296875 0.08515625 0.140625 0.15078125
0 0.6484375 0.2375 0.1390625 0.15078125
0 0.7984375 0.23359375 0.1515625 0.13984375
0 0.19296875 0.5390625 0.16484375 0.15703125
0 0.3484375 0.54140625 0.13046875 0.16171875
0 0.4984375 0.540625 0.14453125 0.13828125
0 0.65234375 0.5328125 0.153125 0.13671875
0 0.809375 0.5390625 0.146875 0.15
0 0.8046875 0.69609375 0.15 0.15625
0 0.65546875 0.69296875 0.15 0.15625
0 0.50234375 0.70078125 0.153125 0.1578125
0 0.34453125 0.70078125 0.1453125 0.14453125
0 0.1875 0.70078125 0.165625 0.1546875
0 0.18515625 0.86796875 0.16171875 0.16875
0 0.34453125 0.86640625 0.1421875 0.16796875
0 0.50234375 0.8671875 0.1546875 0.16875
0 0.65703125 0.8640625 0.14921875 0.17578125
0 0.82265625 0.86171875 0.1625 0.15859375