0 0.18828125 0.43203125 0.1546875 0.13984375
0 0.159375 0.5921875 0.1625 0.171875
0 0.22265625 0.29296875 0.1171875 0.11484375
0 0.25 0.175 0.1015625 0.103125
0 0.2671875 0.07421875 0.08984375 0.09375
0 0.37421875 0.07109375 0.0953125 0.11484375
0 0.36640625 0.16953125 0.1078125 0.11015625
0 0.3546875 0.296875 0.0953125 0.1171875
0 0.3484375 0.42265625 0.13125 0.12578125
0 0.3359375 0.584375 0.140625 0.196875
0 0.3171875 0.78984375 0.1546875 0.16484375
0 0.48046875 0.78828125 0.1484375 0.1921875
0 0.484375 0.08671875 0.0859375 0.15078125
0 0.47578125 0.29921875 0.115625 0.1578125
0 0.484375 0.575 0.14453125 0.17890625
0 0.59453125 0.0640625 0.1 0.11015625
0 0.60625 0.1921875 0.0875 0.11484375
0 0.61796875 0.28515625 0.1078125 0.1125
0 0.63203125 0.41796875 0.1109375 0.13515625
0 0.64765625 0.57734375 0.1109375 0.17421875
0 0.6890625 0.771875 0.140625 0.1921875
0 0.69921875 0.0765625 0.0859375 0.1171875
0 0.7328125 0.27265625 0.125 0.1234375
0 0.771875 0.4125 0.15625 0.1421875
0 0.80546875 0.56953125 0.146875 0.153125