0 0.171875 0.16015625 0.1328125 0.14453125
0 0.31171875 0.1578125 0.1265625 0.13515625
0 0.4515625 0.15234375 0.10546875 0.146875
0 0.57734375 0.14296875 0.115625 0.16484375
0 0.71171875 0.1390625 0.115625 0.146875
0 0.84765625 0.14296875 0.1328125 0.1375
0 0.4390625 0.30703125 0.13671875 0.153125
0 0.575 0.3046875 0.115625 0.13515625
0 0.85078125 0.3046875 0.15 0.14921875
0 0.8671875 0.4671875 0.1640625 0.1578125
0 0.43359375 0.4796875 0.14453125 0.1515625
0 0.2921875 0.47265625 0.146875 0.16484375
0 0.18046875 0.46171875 0.1265625 0.178125
0 0.16875 0.6390625 0.1546875 0.1171875
0 0.1578125 0.81484375 0.14453125 0.14453125
0 0.3 0.80625 0.1234375 0.18984375
0 0.4390625 0.81015625 0.11328125 0.171875
0 0.875 0.6375 0.16015625 0.16953125
0 0.89140625 0.81484375 0.1625 0.1625