0 0.1734375 0.17578125 0.12890625 0.13828125
0 0.17265625 0.48515625 0.134375 0.13828125
0 0.17578125 0.64453125 0.140625 0.1671875
0 0.16796875 0.809375 0.12890625 0.1671875
0 0.315625 0.17890625 0.1265625 0.1671875
0 0.31328125 0.46640625 0.1234375 0.140625
0 0.30859375 0.80390625 0.12890625 0.146875
0 0.44609375 0.16171875 0.115625 0.14453125
0 0.44609375 0.31640625 0.1234375 0.13359375
0 0.44921875 0.4734375 0.12890625 0.15390625
0 0.44609375 0.8 0.13125 0.1578125
0 0.57734375 0.159375 0.1109375 0.14921875
0 0.7046875 0.16171875 0.10546875 0.13125
0 0.8421875 0.14765625 0.12890625 0.1359375
0 0.8453125 0.303125 0.125 0.13359375
0 0.5875 0.471875 0.125 0.13828125
0 0.72265625 0.46171875 0.1171875 0.14921875
0 0.86015625 0.45859375 0.1421875 0.1421875
0 0.59765625 0.63203125 0.13671875 0.16953125
0 0.60234375 0.8 0.13125 0.1625
0 0.7375 0.7984375 0.1421875 0.17109375
0 0.88203125 0.784375 0.134375 0.1625