0 0.37578125 0.23671875 0.13125 0.14921875
0 0.528125 0.23515625 0.115625 0.14296875
0 0.66875 0.228125 0.115625 0.153125
0 0.384375 0.396875 0.140625 0.15546875
0 0.6703125 0.38515625 0.13671875 0.159375
0 0.3734375 0.54140625 0.15234375 0.12109375
0 0.52734375 0.52578125 0.14453125 0.1390625
0 0.671875 0.540625 0.12890625 0.14296875
0 0.36796875 0.696875 0.1625 0.165625
0 0.66796875 0.69296875 0.15625 0.1578125
0 0.3734375 0.875 0.140625 0.16953125
0 0.5328125 0.86640625 0.14453125 0.1859375
0 0.6890625 0.865625 0.140625 0.171875