0 0.175 0.18125 0.115625 0.15859375
0 0.29296875 0.175 0.109375 0.1359375
0 0.42265625 0.15859375 0.1 0.1359375
0 0.540625 0.15234375 0.1015625 0.15
0 0.6609375 0.153125 0.1078125 0.14765625
0 0.78046875 0.1375 0.1078125 0.14296875
0 0.4140625 0.30390625 0.11328125 0.11796875
0 0.5421875 0.29921875 0.1109375 0.13125
0 0.7953125 0.2953125 0.13671875 0.11796875
0 0.16328125 0.45703125 0.11875 0.13359375
0 0.296875 0.45390625 0.125 0.1453125
0 0.4234375 0.453125 0.109375 0.13359375
0 0.55078125 0.4484375 0.1171875 0.14296875
0 0.6734375 0.44609375 0.109375 0.1609375
0 0.8 0.43046875 0.1234375 0.14765625
0 0.16875 0.621875 0.13125 0.140625
0 0.80859375 0.58984375 0.1171875 0.13125
0 0.1625 0.790625 0.12109375 0.15625
0 0.29609375 0.77265625 0.103125 0.14765625
0 0.43046875 0.77421875 0.1234375 0.17265625
0 0.565625 0.759375 0.11875 0.165625
0 0.690625 0.75390625 0.13125 0.1546875
0 0.825 0.7453125 0.1234375 0.1703125