0 0.14765625 0.1765625 0.13125 0.159375
0 0.2734375 0.16875 0.140625 0.1484375
0 0.41875 0.16796875 0.1265625 0.1546875
0 0.55625 0.1625 0.125 0.165625
0 0.6953125 0.1640625 0.09375 0.13125
0 0.83515625 0.13671875 0.1265625 0.14375
0 0.84296875 0.315625 0.115625 0.16328125
0 0.8515625 0.4515625 0.1484375 0.12890625
0 0.85078125 0.6171875 0.1546875 0.15078125
0 0.865625 0.78046875 0.140625 0.1765625
0 0.55859375 0.30234375 0.1328125 0.14375
0 0.41796875 0.31796875 0.12890625 0.1375
0 0.42109375 0.47578125 0.11875 0.13515625
0 0.56640625 0.46875 0.12890625 0.1421875
0 0.13125 0.47265625 0.14453125 0.159375
0 0.28984375 0.4640625 0.1390625 0.16328125
0 0.42578125 0.62578125 0.12109375 0.15078125
0 0.5734375 0.6265625 0.134375 0.14375
0 0.721875 0.7859375 0.1265625 0.17421875
0 0.56875 0.7921875 0.13671875 0.16953125
0 0.128125 0.8015625 0.1578125 0.171875
0 0.28125 0.79765625 0.13671875 0.18046875
0 0.428125 0.7890625 0.1328125 0.1765625