0 0.1734375 0.12890625 0.159375 0.17421875
0 0.340625 0.13125 0.15078125 0.175
0 0.50390625 0.12421875 0.15078125 0.15625
0 0.6734375 0.13671875 0.1375 0.18671875
0 0.84296875 0.13515625 0.140625 0.16796875
0 0.178125 0.29921875 0.17421875 0.13046875
0 0.34609375 0.29453125 0.15625 0.15
0 0.5078125 0.290625 0.15625 0.14375
0 0.6703125 0.29765625 0.14296875 0.13046875
0 0.834375 0.2953125 0.16640625 0.125
0 0.17578125 0.4359375 0.17734375 0.12734375
0 0.3453125 0.44140625 0.14453125 0.13828125
0 0.5 0.43828125 0.15625 0.12890625
0 0.66171875 0.440625 0.14140625 0.12890625
0 0.8234375 0.4421875 0.16484375 0.13125
0 0.184375 0.575 0.171875 0.13125
0 0.35234375 0.58125 0.14453125 0.1234375
0 0.5078125 0.58046875 0.1515625 0.12734375
0 0.66484375 0.584375 0.14765625 0.1390625
0 0.821875 0.58046875 0.15625 0.1328125
0 0.1921875 0.715625 0.16796875 0.12890625
0 0.3515625 0.709375 0.14296875 0.1234375
0 0.196875 0.84375 0.16796875 0.11953125
0 0.3546875 0.8453125 0.14296875 0.13828125
0 0.5078125 0.7203125 0.1515625 0.12734375
0 0.50390625 0.85 0.15 0.12734375
0 0.65625 0.7140625 0.1390625 0.1265625
0 0.6578125 0.84140625 0.14140625 0.11953125
0 0.81328125 0.7171875 0.153125 0.11875
0 0.81171875 0.84609375 0.14765625 0.12265625