0 0.11875 0.1625 0.1640625 0.1421875
0 0.27734375 0.16640625 0.12890625 0.1546875
0 0.41875 0.15703125 0.11875 0.1609375
0 0.4109375 0.31484375 0.146875 0.121875
0 0.41484375 0.46796875 0.1546875 0.17109375
0 0.26640625 0.48359375 0.1421875 0.14453125
0 0.1296875 0.48046875 0.15 0.146875
0 0.1234375 0.63515625 0.15625 0.121875
0 0.121875 0.803125 0.165625 0.1484375
0 0.27421875 0.79375 0.1265625 0.1671875
0 0.41875 0.77734375 0.13125 0.1921875
0 0.86875 0.7890625 0.16015625 0.1734375
0 0.8671875 0.615625 0.16015625 0.153125
0 0.8734375 0.45859375 0.16015625 0.1734375
0 0.5734375 0.2921875 0.1234375 0.1671875
0 0.5640625 0.15 0.12109375 0.159375
0 0.5671875 0.46328125 0.1390625 0.1671875
0 0.721875 0.45625 0.1421875 0.140625
0 0.85625 0.16484375 0.1265625 0.10703125
0 0.86875 0.2984375 0.18359375 0.121875