0 0.23359375 0.25 0.1546875 0.14296875
0 0.5125 0.2390625 0.134375 0.15703125
0 0.65625 0.240625 0.12109375 0.146875
0 0.803125 0.2390625 0.12890625 0.153125
0 0.2234375 0.39140625 0.1546875 0.146875
0 0.2203125 0.5375 0.16015625 0.1328125
0 0.5125 0.39140625 0.1421875 0.1390625
0 0.8046875 0.39453125 0.140625 0.13671875
0 0.5140625 0.5421875 0.13671875 0.14296875
0 0.809375 0.5421875 0.134375 0.13515625
0 0.21484375 0.684375 0.15625 0.140625
0 0.21015625 0.83671875 0.178125 0.1328125
0 0.509375 0.68125 0.14453125 0.1390625
0 0.81328125 0.6859375 0.1578125 0.12890625
0 0.50859375 0.84453125 0.1265625 0.1609375
0 0.6703125 0.84296875 0.140625 0.15703125
0 0.821875 0.83984375 0.140625 0.15078125