0 0.134375 0.1796875 0.12109375 0.1421875
0 0.2640625 0.16796875 0.11328125 0.14453125
0 0.39765625 0.17109375 0.11875 0.12890625
0 0.52421875 0.1625 0.1109375 0.15078125
0 0.64921875 0.16015625 0.1 0.13359375
0 0.78828125 0.153125 0.1078125 0.10625
0 0.78515625 0.30859375 0.125 0.15078125
0 0.8 0.4609375 0.1234375 0.1265625
0 0.80390625 0.60859375 0.1234375 0.16875
0 0.81171875 0.7765625 0.1234375 0.14453125
0 0.67109375 0.78203125 0.1390625 0.146875
0 0.53828125 0.78203125 0.1390625 0.1734375
0 0.38984375 0.7953125 0.134375 0.1421875
0 0.25703125 0.79609375 0.146875 0.16640625
0 0.1140625 0.79375 0.1234375 0.14453125
0 0.1203125 0.45625 0.1234375 0.17578125
0 0.265625 0.4671875 0.12109375 0.13515625
0 0.39453125 0.45859375 0.125 0.1484375
0 0.52421875 0.453125 0.1078125 0.15546875
0 0.6609375 0.45234375 0.11875 0.1578125
0 0.3890625 0.303125 0.13671875 0.13984375
0 0.12421875 0.634375 0.146875 0.17109375