0 0.228125 0.2390625 0.1484375 0.13515625
0 0.50703125 0.2359375 0.1265625 0.15859375
0 0.6421875 0.23046875 0.12890625 0.1609375
0 0.78984375 0.22421875 0.1421875 0.13515625
0 0.79609375 0.38359375 0.13125 0.12890625
0 0.7984375 0.55 0.140625 0.14765625
0 0.2265625 0.3859375 0.14453125 0.1375
0 0.21953125 0.54453125 0.1546875 0.1328125
0 0.509375 0.54140625 0.12890625 0.14375
0 0.65625 0.5390625 0.1328125 0.14375
0 0.221875 0.70078125 0.1421875 0.1375
0 0.5140625 0.7 0.13671875 0.14765625
0 0.21484375 0.86484375 0.15234375 0.1609375
0 0.515625 0.8671875 0.140625 0.13515625
0 0.66796875 0.875 0.140625 0.14765625
0 0.828125 0.871875 0.15234375 0.1625