0 0.20390625 0.2421875 0.1421875 0.15234375
0 0.20703125 0.39609375 0.14453125 0.15234375
0 0.20234375 0.54375 0.1546875 0.13359375
0 0.20234375 0.69765625 0.146875 0.13359375
0 0.2 0.85703125 0.165625 0.15625
0 0.4921875 0.23203125 0.12890625 0.13203125
0 0.490625 0.37578125 0.140625 0.15234375
0 0.496875 0.5375 0.1265625 0.121875
0 0.51484375 0.6875 0.1578125 0.1578125
0 0.50390625 0.85234375 0.140625 0.14765625
0 0.64375 0.5390625 0.134375 0.121875
0 0.7875 0.53359375 0.125 0.15390625
0 0.80078125 0.68125 0.14453125 0.121875
0 0.66875 0.85390625 0.1390625 0.1578125
0 0.81875 0.846875 0.14453125 0.15234375
0 0.6359375 0.2359375 0.1234375 0.14765625
0 0.7796875 0.22890625 0.1328125 0.1375