0 0.17265625 0.18359375 0.1234375 0.1328125
0 0.30546875 0.1859375 0.11875 0.1375
0 0.434375 0.18046875 0.1078125 0.13515625
0 0.5578125 0.16796875 0.115625 0.1421875
0 0.6890625 0.17578125 0.1015625 0.1265625
0 0.82421875 0.1703125 0.125 0.1375
0 0.43125 0.32578125 0.1171875 0.1328125
0 0.5671875 0.3234375 0.115625 0.128125
0 0.8328125 0.31796875 0.15 0.13515625
0 0.165625 0.48203125 0.12890625 0.14453125
0 0.3 0.4890625 0.13125 0.153125
0 0.43671875 0.490625 0.1265625 0.16015625
0 0.571875 0.48046875 0.125 0.153125
0 0.70390625 0.478125 0.115625 0.17578125
0 0.83515625 0.47265625 0.134375 0.16015625
0 0.1640625 0.65625 0.140625 0.17578125
0 0.5703125 0.6390625 0.1328125 0.1375
0 0.8421875 0.63203125 0.140625 0.15546875
0 0.15703125 0.8265625 0.146875 0.1421875
0 0.3 0.82265625 0.13125 0.1671875
0 0.43046875 0.8078125 0.13125 0.16015625
0 0.58203125 0.79609375 0.1171875 0.14453125
0 0.71796875 0.8140625 0.134375 0.17578125
0 0.853125 0.8046875 0.125 0.1671875