0 0.2109375 0.23046875 0.1328125 0.1203125
0 0.20625 0.37109375 0.1546875 0.1125
0 0.2078125 0.52109375 0.15 0.1265625
0 0.2109375 0.67734375 0.140625 0.1421875
0 0.20234375 0.84375 0.165625 0.1421875
0 0.4984375 0.21796875 0.1328125 0.13046875
0 0.6359375 0.21875 0.1109375 0.12421875
0 0.78125 0.20859375 0.12109375 0.1328125
0 0.50390625 0.35546875 0.1328125 0.140625
0 0.503125 0.51171875 0.1265625 0.14453125
0 0.65234375 0.5140625 0.1328125 0.128125
0 0.80390625 0.52578125 0.1234375 0.12421875
0 0.509375 0.83125 0.140625 0.16875
0 0.6765625 0.83125 0.15 0.16484375
0 0.81640625 0.6671875 0.140625 0.1265625
0 0.83671875 0.821875 0.1421875 0.15078125