0 0.17890625 0.18359375 0.134375 0.14375
0 0.31953125 0.1796875 0.1265625 0.14140625
0 0.4546875 0.1796875 0.11328125 0.15
0 0.584375 0.17265625 0.1171875 0.15234375
0 0.71875 0.1703125 0.11328125 0.1390625
0 0.853125 0.17890625 0.125 0.1390625
0 0.4484375 0.31953125 0.13125 0.12890625
0 0.5890625 0.3171875 0.13125 0.1328125
0 0.85625 0.31796875 0.1625 0.1265625
0 0.8625 0.48125 0.1546875 0.14375
0 0.865625 0.63125 0.15625 0.14375
0 0.871875 0.78984375 0.1390625 0.1609375
0 0.590625 0.475 0.134375 0.1390625
0 0.17265625 0.4765625 0.13125 0.13515625
0 0.31328125 0.46640625 0.13125 0.14765625
0 0.4515625 0.46953125 0.12109375 0.1625
0 0.16796875 0.63984375 0.15234375 0.15625
0 0.1640625 0.796875 0.14453125 0.1546875
0 0.3140625 0.79375 0.13671875 0.14375
0 0.58984375 0.62890625 0.12109375 0.14375
0 0.45703125 0.7953125 0.13671875 0.1796875
0 0.6 0.7890625 0.125 0.1671875
0 0.7390625 0.78984375 0.1390625 0.178125