0 0.24921875 0.096875 0.115625 0.10390625
0 0.37109375 0.10546875 0.11328125 0.10859375
0 0.4984375 0.09921875 0.1015625 0.10859375
0 0.61875 0.09453125 0.10546875 0.12109375
0 0.7375 0.09609375 0.11875 0.1234375
0 0.2328125 0.22109375 0.11328125 0.11875
0 0.36796875 0.221875 0.1078125 0.10390625
0 0.4953125 0.21875 0.115625 0.11875
0 0.621875 0.2234375 0.1078125 0.11875
0 0.753125 0.22421875 0.11875 0.12109375
0 0.2265625 0.34765625 0.13671875 0.12109375
0 0.36015625 0.3484375 0.115625 0.13203125
0 0.49296875 0.35078125 0.1390625 0.1359375
0 0.6234375 0.346875 0.12109375 0.13203125
0 0.75859375 0.35078125 0.134375 0.12734375
0 0.21171875 0.4921875 0.134375 0.159375
0 0.3515625 0.49765625 0.12109375 0.140625
0 0.49609375 0.496875 0.13671875 0.1296875
0 0.634375 0.49453125 0.125 0.15078125
0 0.77265625 0.49453125 0.1390625 0.146875
0 0.19375 0.65625 0.1484375 0.15078125
0 0.34375 0.6515625 0.1328125 0.15078125
0 0.496875 0.6515625 0.134375 0.16796875
0 0.64375 0.6546875 0.134375 0.14921875
0 0.78515625 0.65390625 0.13671875 0.15078125
0 0.1765625 0.83671875 0.1625 0.18046875
0 0.3359375 0.8234375 0.1484375 0.17421875
0 0.49921875 0.8265625 0.146875 0.159375
0 0.65 0.8265625 0.140625 0.1765625
0 0.8109375 0.828125 0.1484375 0.18515625