0 0.18984375 0.096875 0.1484375 0.134375
0 0.3421875 0.103125 0.1484375 0.13671875
0 0.4984375 0.09453125 0.128125 0.134375
0 0.66171875 0.0921875 0.128125 0.140625
0 0.80546875 0.0890625 0.1484375 0.1390625
0 0.82265625 0.23828125 0.1609375 0.1328125
0 0.65859375 0.240625 0.14609375 0.13671875
0 0.4953125 0.24140625 0.15859375 0.13125
0 0.34453125 0.2453125 0.13984375 0.13125
0 0.18125 0.240625 0.1609375 0.140625
0 0.184375 0.38984375 0.1546875 0.134375
0 0.184375 0.54296875 0.15078125 0.140625
0 0.34609375 0.390625 0.13203125 0.140625
0 0.34609375 0.54296875 0.13984375 0.14453125
0 0.50703125 0.390625 0.1484375 0.14453125