0 0.215625 0.10234375 0.15 0.14453125
0 0.36875 0.103125 0.1328125 0.1421875
0 0.50859375 0.10546875 0.1265625 0.14609375
0 0.65234375 0.10703125 0.12109375 0.14609375
0 0.796875 0.103125 0.1328125 0.1625
0 0.21875 0.253125 0.140625 0.13828125
0 0.3625 0.2546875 0.1390625 0.1359375
0 0.653125 0.2484375 0.134375 0.14453125
0 0.2140625 0.3984375 0.15 0.1359375
0 0.365625 0.40234375 0.12890625 0.1359375
0 0.5109375 0.4 0.13125 0.14609375
0 0.65703125 0.40234375 0.1265625 0.14453125
0 0.8046875 0.40078125 0.13671875 0.15234375
0 0.21015625 0.55078125 0.15 0.1484375
0 0.36015625 0.546875 0.134375 0.14453125
0 0.659375 0.5515625 0.13125 0.15
0 0.8140625 0.5546875 0.16015625 0.14453125
0 0.2015625 0.70625 0.16015625 0.15390625
0 0.36015625 0.7 0.13125 0.1421875
0 0.5125 0.70625 0.1421875 0.15390625
0 0.65703125 0.70234375 0.134375 0.13828125
0 0.81171875 0.71015625 0.146875 0.15859375
0 0.3609375 0.86875 0.13671875 0.1625
0 0.50859375 0.86640625 0.134375 0.15
0 0.671875 0.8625 0.1484375 0.15390625