0 0.28125 0.175 0.1640625 0.165625
0 0.44375 0.17734375 0.12890625 0.1578125
0 0.58828125 0.18046875 0.1328125 0.153125
0 0.7328125 0.184375 0.14453125 0.165625
0 0.884375 0.1859375 0.14453125 0.15390625
0 0.14296875 0.33984375 0.15625 0.15546875
0 0.29609375 0.33828125 0.13828125 0.15
0 0.44140625 0.34375 0.13984375 0.16015625
0 0.5890625 0.34296875 0.1359375 0.1515625
0 0.7359375 0.3421875 0.14609375 0.140625
0 0.88203125 0.3390625 0.13984375 0.146875
0 0.13671875 0.49921875 0.14921875 0.13671875
0 0.2921875 0.50625 0.15390625 0.1578125
0 0.58203125 0.49921875 0.15546875 0.14375
0 0.8828125 0.4953125 0.1625 0.146875
0 0.13828125 0.66484375 0.15546875 0.17421875
0 0.2890625 0.66015625 0.1359375 0.1453125
0 0.4375 0.659375 0.146875 0.16328125
0 0.58671875 0.65703125 0.13125 0.15546875
0 0.734375 0.66796875 0.1484375 0.165625
0 0.8828125 0.66484375 0.14609375 0.15390625
0 0.28125 0.82578125 0.15859375 0.16328125
0 0.4375 0.8296875 0.1421875 0.1703125
0 0.5875 0.825 0.1484375 0.16171875
0 0.8921875 0.821875 0.16015625 0.153125