0 0.1828125 0.25859375 0.15078125 0.1390625
0 0.47421875 0.2328125 0.1453125 0.15234375
0 0.7796875 0.23828125 0.159375 0.16015625
0 0.790625 0.38671875 0.14921875 0.1640625
0 0.49140625 0.39765625 0.1671875 0.1625
0 0.18671875 0.40703125 0.1671875 0.1421875
0 0.178125 0.5453125 0.17265625 0.1640625
0 0.18828125 0.70390625 0.196875 0.15
0 0.17265625 0.85546875 0.17890625 0.14453125
0 0.490625 0.54765625 0.13359375 0.1546875
0 0.6515625 0.540625 0.1453125 0.15625
0 0.80234375 0.5421875 0.1375 0.1390625
0 0.81953125 0.69375 0.1671875 0.14453125
0 0.83046875 0.865625 0.18515625 0.16015625