0 0.21796875 0.24921875 0.134375 0.1359375
0 0.21875 0.3984375 0.140625 0.134375
0 0.21484375 0.5421875 0.1484375 0.12421875
0 0.215625 0.68828125 0.1421875 0.140625
0 0.215625 0.83984375 0.1546875 0.13828125
0 0.5 0.23671875 0.12890625 0.1359375
0 0.6484375 0.23828125 0.10546875 0.134375
0 0.78984375 0.23125 0.1265625 0.13203125
0 0.50390625 0.38359375 0.12890625 0.140625
0 0.79296875 0.378125 0.1328125 0.13046875
0 0.50625 0.53125 0.12890625 0.134375
0 0.6640625 0.5359375 0.12890625 0.13203125
0 0.8046875 0.53359375 0.12890625 0.14453125
0 0.81328125 0.68515625 0.134375 0.13828125
0 0.51484375 0.84453125 0.11875 0.15078125
0 0.675 0.84453125 0.1390625 0.1625
0 0.82890625 0.8390625 0.1578125 0.15234375