0 0.201171875 0.20478507656249997 0.158203125 0.22506082656249998 0.158203125 0.27777777812500004 0.15625 0.283860503125 0.2578125 0.336577453125 0.298828125 0.27777777812500004 0.2734375 0.2189781015625 0.201171875 0.20478507656249997
0 0.509375 0.24609375 0.12890625 0.14765625
0 0.6453125 0.25078125 0.11875 0.15234375
0 0.7890625 0.24609375 0.12890625 0.128125
0 0.79296875 0.38828125 0.14453125 0.14375
0 0.79765625 0.54921875 0.1390625 0.15
0 0.23046875 0.40859375 0.14453125 0.14375
0 0.21875 0.55546875 0.14453125 0.12578125
0 0.2125 0.70546875 0.15625 0.1421875
0 0.2078125 0.87265625 0.1578125 0.17265625
0 0.81875 0.7015625 0.15234375 0.1421875
0 0.834375 0.86640625 0.140625 0.15625